 350.00 0.071959 0.003947
 351.00 0.072230 0.003582
 352.00 0.071845 0.003583
 353.00 0.070859 0.003857
 354.00 0.071024 0.003564
 355.00 0.071005 0.003482
 356.00 0.070792 0.003488
 357.00 0.070767 0.003350
 358.00 0.070636 0.003294
 359.00 0.070697 0.003253
 360.00 0.070946 0.003183
 361.00 0.070227 0.002931
 362.00 0.069983 0.002972
 363.00 0.070271 0.003119
 364.00 0.069658 0.003209
 365.00 0.069781 0.002982
 366.00 0.070171 0.002974
 367.00 0.069828 0.003142
 368.00 0.069771 0.003208
 369.00 0.069892 0.003082
 370.00 0.069975 0.002821
 371.00 0.069898 0.002747
 372.00 0.069545 0.002792
 373.00 0.069055 0.002983
 374.00 0.068828 0.002821
 375.00 0.068788 0.002688
 376.00 0.068968 0.002629
 377.00 0.069347 0.002576
 378.00 0.069364 0.002712
 379.00 0.069166 0.002841
 380.00 0.068919 0.002760
 381.00 0.068528 0.002681
 382.00 0.068639 0.002685
 383.00 0.069058 0.002637
 384.00 0.068779 0.002530
 385.00 0.068644 0.002557
 386.00 0.068654 0.002710
 387.00 0.068587 0.002638
 388.00 0.068504 0.002471
 389.00 0.068499 0.002398
 390.00 0.068587 0.002496
 391.00 0.068563 0.002456
 392.00 0.068567 0.002418
 393.00 0.068669 0.002399
 394.00 0.068887 0.002402
 395.00 0.069072 0.002345
 396.00 0.069140 0.002299
 397.00 0.069058 0.002328
 398.00 0.068994 0.002286
 399.00 0.069083 0.002233
 400.00 0.069333 0.002223
 401.00 0.069412 0.002247
 402.00 0.069601 0.002291
 403.00 0.069928 0.002318
 404.00 0.070121 0.002256
 405.00 0.070317 0.002209
 406.00 0.070657 0.002188
 407.00 0.071261 0.002145
 408.00 0.071728 0.002179
 409.00 0.072103 0.002224
 410.00 0.072489 0.002188
 411.00 0.072918 0.002189
 412.00 0.073260 0.002181
 413.00 0.073571 0.002163
 414.00 0.074220 0.002152
 415.00 0.074884 0.002141
 416.00 0.075469 0.002135
 417.00 0.075987 0.002158
 418.00 0.076574 0.002167
 419.00 0.077166 0.002156
 420.00 0.077696 0.002150
 421.00 0.078291 0.002154
 422.00 0.078945 0.002158
 423.00 0.079597 0.002148
 424.00 0.080056 0.002157
 425.00 0.080561 0.002189
 426.00 0.081138 0.002223
 427.00 0.081654 0.002212
 428.00 0.082072 0.002191
 429.00 0.082510 0.002180
 430.00 0.083096 0.002189
 431.00 0.083501 0.002201
 432.00 0.083905 0.002218
 433.00 0.084425 0.002231
 434.00 0.084736 0.002223
 435.00 0.085184 0.002222
 436.00 0.085772 0.002235
 437.00 0.085984 0.002234
 438.00 0.086380 0.002225
 439.00 0.086894 0.002219
 440.00 0.087175 0.002241
 441.00 0.087653 0.002243
 442.00 0.088133 0.002240
 443.00 0.088398 0.002245
 444.00 0.088895 0.002266
 445.00 0.089343 0.002265
 446.00 0.089649 0.002238
 447.00 0.090292 0.002244
 448.00 0.090702 0.002269
 449.00 0.090914 0.002287
 450.00 0.091510 0.002271
 451.00 0.091875 0.002271
 452.00 0.092125 0.002281
 453.00 0.092572 0.002281
 454.00 0.092739 0.002288
 455.00 0.092920 0.002300
 456.00 0.093315 0.002308
 457.00 0.093363 0.002296
 458.00 0.093491 0.002304
 459.00 0.093801 0.002337
 460.00 0.093810 0.002321
 461.00 0.093905 0.002319
 462.00 0.094061 0.002333
 463.00 0.094028 0.002320
 464.00 0.094177 0.002319
 465.00 0.094343 0.002331
 466.00 0.094299 0.002335
 467.00 0.094463 0.002317
 468.00 0.094560 0.002309
 469.00 0.094466 0.002326
 470.00 0.094687 0.002343
 471.00 0.094774 0.002349
 472.00 0.094689 0.002339
 473.00 0.094914 0.002338
 474.00 0.094968 0.002342
 475.00 0.094939 0.002348
 476.00 0.095153 0.002355
 477.00 0.095226 0.002360
 478.00 0.095245 0.002354
 479.00 0.095348 0.002332
 480.00 0.095365 0.002337
 481.00 0.095421 0.002340
 482.00 0.095553 0.002326
 483.00 0.095530 0.002352
 484.00 0.095621 0.002347
 485.00 0.095827 0.002316
 486.00 0.095883 0.002337
 487.00 0.096028 0.002331
 488.00 0.096243 0.002319
 489.00 0.096428 0.002351
 490.00 0.096685 0.002345
 491.00 0.097006 0.002335
 492.00 0.097351 0.002355
 493.00 0.097623 0.002372
 494.00 0.098036 0.002383
 495.00 0.098625 0.002393
 496.00 0.099019 0.002411
 497.00 0.099582 0.002418
 498.00 0.100294 0.002423
 499.00 0.100812 0.002448
 500.00 0.101554 0.002473
 501.00 0.102421 0.002499
 502.00 0.103169 0.002530
 503.00 0.104125 0.002549
 504.00 0.105139 0.002574
 505.00 0.106087 0.002619
 506.00 0.107256 0.002658
 507.00 0.108496 0.002703
 508.00 0.109745 0.002758
 509.00 0.111128 0.002799
 510.00 0.112561 0.002853
 511.00 0.114054 0.002919
 512.00 0.115690 0.002987
 513.00 0.117370 0.003074
 514.00 0.119114 0.003170
 515.00 0.120973 0.003267
 516.00 0.122850 0.003374
 517.00 0.124795 0.003500
 518.00 0.126841 0.003646
 519.00 0.128900 0.003808
 520.00 0.130979 0.003971
 521.00 0.133070 0.004138
 522.00 0.135130 0.004327
 523.00 0.137133 0.004532
 524.00 0.139081 0.004745
 525.00 0.141009 0.004947
 526.00 0.142827 0.005161
 527.00 0.144552 0.005372
 528.00 0.146228 0.005564
 529.00 0.147765 0.005774
 530.00 0.149195 0.005977
 531.00 0.150552 0.006156
 532.00 0.151804 0.006344
 533.00 0.152959 0.006528
 534.00 0.154029 0.006696
 535.00 0.155033 0.006844
 536.00 0.155952 0.006984
 537.00 0.156787 0.007117
 538.00 0.157560 0.007230
 539.00 0.158295 0.007349
 540.00 0.158990 0.007467
 541.00 0.159638 0.007565
 542.00 0.160289 0.007668
 543.00 0.160923 0.007772
 544.00 0.161521 0.007873
 545.00 0.162144 0.007975
 546.00 0.162739 0.008074
 547.00 0.163283 0.008167
 548.00 0.163832 0.008269
 549.00 0.164312 0.008360
 550.00 0.164705 0.008434
 551.00 0.165047 0.008493
 552.00 0.165265 0.008532
 553.00 0.165357 0.008549
 554.00 0.165344 0.008550
 555.00 0.165184 0.008531
 556.00 0.164905 0.008489
 557.00 0.164538 0.008426
 558.00 0.164046 0.008360
 559.00 0.163479 0.008288
 560.00 0.162862 0.008209
 561.00 0.162139 0.008129
 562.00 0.161375 0.008040
 563.00 0.160575 0.007942
 564.00 0.159684 0.007853
 565.00 0.158758 0.007747
 566.00 0.157772 0.007627
 567.00 0.156669 0.007506
 568.00 0.155521 0.007367
 569.00 0.154320 0.007216
 570.00 0.153052 0.007066
 571.00 0.151803 0.006902
 572.00 0.150554 0.006745
 573.00 0.149310 0.006606
 574.00 0.148151 0.006459
 575.00 0.147034 0.006324
 576.00 0.145956 0.006208
 577.00 0.144972 0.006101
 578.00 0.144027 0.006006
 579.00 0.143133 0.005916
 580.00 0.142334 0.005828
 581.00 0.141547 0.005753
 582.00 0.140809 0.005687
 583.00 0.140170 0.005621
 584.00 0.139531 0.005562
 585.00 0.138928 0.005510
 586.00 0.138387 0.005463
 587.00 0.137865 0.005423
 588.00 0.137400 0.005383
 589.00 0.136998 0.005346
 590.00 0.136616 0.005323
 591.00 0.136299 0.005300
 592.00 0.136032 0.005280
 593.00 0.135764 0.005271
 594.00 0.135534 0.005259
 595.00 0.135324 0.005251
 596.00 0.135104 0.005253
 597.00 0.134897 0.005245
 598.00 0.134660 0.005238
 599.00 0.134363 0.005237
 600.00 0.134052 0.005221
 601.00 0.133679 0.005200
 602.00 0.133235 0.005177
 603.00 0.132780 0.005151
 604.00 0.132265 0.005122
 605.00 0.131697 0.005088
 606.00 0.131124 0.005046
 607.00 0.130477 0.005008
 608.00 0.129777 0.004971
 609.00 0.129066 0.004927
 610.00 0.128296 0.004873
 611.00 0.127505 0.004815
 612.00 0.126731 0.004758
 613.00 0.125959 0.004699
 614.00 0.125241 0.004645
 615.00 0.124591 0.004594
 616.00 0.123951 0.004539
 617.00 0.123374 0.004493
 618.00 0.122853 0.004458
 619.00 0.122330 0.004426
 620.00 0.121876 0.004394
 621.00 0.121467 0.004361
 622.00 0.121062 0.004330
 623.00 0.120753 0.004313
 624.00 0.120504 0.004300
 625.00 0.120284 0.004283
 626.00 0.120154 0.004282
 627.00 0.120043 0.004281
 628.00 0.119928 0.004274
 629.00 0.119871 0.004268
 630.00 0.119799 0.004264
 631.00 0.119700 0.004261
 632.00 0.119602 0.004263
 633.00 0.119456 0.004253
 634.00 0.119265 0.004239
 635.00 0.119048 0.004231
 636.00 0.118728 0.004210
 637.00 0.118336 0.004181
 638.00 0.117900 0.004152
 639.00 0.117365 0.004117
 640.00 0.116787 0.004083
 641.00 0.116178 0.004051
 642.00 0.115462 0.004011
 643.00 0.114709 0.003967
 644.00 0.113925 0.003922
 645.00 0.113071 0.003877
 646.00 0.112222 0.003828
 647.00 0.111383 0.003783
 648.00 0.110535 0.003751
 649.00 0.109747 0.003718
 650.00 0.109001 0.003687
 651.00 0.108272 0.003666
 652.00 0.107579 0.003646
 653.00 0.106869 0.003628
 654.00 0.106114 0.003608
 655.00 0.105342 0.003573
 656.00 0.104492 0.003540
 657.00 0.103557 0.003506
 658.00 0.102575 0.003462
 659.00 0.101509 0.003413
 660.00 0.100393 0.003360
 661.00 0.099280 0.003301
 662.00 0.098143 0.003252
 663.00 0.097029 0.003206
 664.00 0.095983 0.003156
 665.00 0.094976 0.003112
 666.00 0.094051 0.003073
 667.00 0.093229 0.003039
 668.00 0.092488 0.003010
 669.00 0.091855 0.002989
 670.00 0.091329 0.002976
 671.00 0.090894 0.002968
 672.00 0.090570 0.002961
 673.00 0.090333 0.002957
 674.00 0.090150 0.002960
 675.00 0.090063 0.002968
 676.00 0.090044 0.002976
 677.00 0.090078 0.002980
 678.00 0.090236 0.003000
 679.00 0.090491 0.003027
 680.00 0.090854 0.003058
 681.00 0.091416 0.003098
 682.00 0.092173 0.003150
 683.00 0.093156 0.003216
 684.00 0.094413 0.003293
 685.00 0.095958 0.003396
 686.00 0.097818 0.003526
 687.00 0.100026 0.003676
 688.00 0.102597 0.003859
 689.00 0.105545 0.004081
 690.00 0.108887 0.004346
 691.00 0.112656 0.004663
 692.00 0.116853 0.005045
 693.00 0.121483 0.005507
 694.00 0.126565 0.006059
 695.00 0.132075 0.006722
 696.00 0.137999 0.007513
 697.00 0.144334 0.008423
 698.00 0.151066 0.009467
 699.00 0.158160 0.010661
 700.00 0.165576 0.012017
 701.00 0.173311 0.013539
 702.00 0.181292 0.015245
 703.00 0.189455 0.017154
 704.00 0.197798 0.019254
 705.00 0.206269 0.021560
 706.00 0.214835 0.024090
 707.00 0.223495 0.026832
 708.00 0.232192 0.029809
 709.00 0.240917 0.033028
 710.00 0.249692 0.036488
 711.00 0.258476 0.040219
 712.00 0.267252 0.044223
 713.00 0.276015 0.048496
 714.00 0.284747 0.053023
 715.00 0.293415 0.057808
 716.00 0.302004 0.062849
 717.00 0.310521 0.068131
 718.00 0.318919 0.073640
 719.00 0.327174 0.079367
 720.00 0.335264 0.085294
 721.00 0.343211 0.091402
 722.00 0.350987 0.097665
 723.00 0.358541 0.104047
 724.00 0.365890 0.110516
 725.00 0.372992 0.117045
 726.00 0.379811 0.123601
 727.00 0.386362 0.130122
 728.00 0.392632 0.136601
 729.00 0.398625 0.143018
 730.00 0.404355 0.149332
 731.00 0.409795 0.155527
 732.00 0.414947 0.161580
 733.00 0.419827 0.167462
 734.00 0.424428 0.173179
 735.00 0.428782 0.178709
 736.00 0.432908 0.184029
 737.00 0.436761 0.189146
 738.00 0.440383 0.194060
 739.00 0.443796 0.198763
 740.00 0.446972 0.203236
 741.00 0.449938 0.207498
 742.00 0.452710 0.211547
 743.00 0.455296 0.215368
 744.00 0.457709 0.219021
 745.00 0.459955 0.222477
 746.00 0.462036 0.225696
 747.00 0.463965 0.228735
 748.00 0.465736 0.231588
 749.00 0.467354 0.234252
 750.00 0.468866 0.236768
 751.00 0.470249 0.239106
 752.00 0.471508 0.241270
 753.00 0.472677 0.243299
 754.00 0.473734 0.245175
 755.00 0.474699 0.246917
 756.00 0.475604 0.248558
 757.00 0.476422 0.250063
 758.00 0.477170 0.251465
 759.00 0.477865 0.252794
 760.00 0.478485 0.254004
 761.00 0.479041 0.255128
 762.00 0.479549 0.256188
 763.00 0.480046 0.257197
 764.00 0.480493 0.258145
 765.00 0.480898 0.259034
 766.00 0.481281 0.259864
 767.00 0.481628 0.260649
 768.00 0.481948 0.261391
 769.00 0.482252 0.262092
 770.00 0.482521 0.262755
 771.00 0.482762 0.263385
 772.00 0.482990 0.263988
 773.00 0.483229 0.264578
 774.00 0.483441 0.265136
 775.00 0.483639 0.265673
 776.00 0.483867 0.266211
 777.00 0.484069 0.266714
 778.00 0.484260 0.267204
 779.00 0.484460 0.267706
 780.00 0.484638 0.268179
 781.00 0.484787 0.268624
 782.00 0.484919 0.269048
 783.00 0.485067 0.269476
 784.00 0.485232 0.269901
 785.00 0.485404 0.270322
 786.00 0.485564 0.270740
 787.00 0.485718 0.271157
 788.00 0.485872 0.271567
 789.00 0.486034 0.271963
 790.00 0.486190 0.272367
 791.00 0.486329 0.272753
 792.00 0.486454 0.273115
 793.00 0.486590 0.273493
 794.00 0.486717 0.273866
 795.00 0.486839 0.274233
 796.00 0.486973 0.274603
 797.00 0.487085 0.274953
 798.00 0.487197 0.275304
 799.00 0.487336 0.275677
 800.00 0.487471 0.276034
 801.00 0.487599 0.276379
 802.00 0.487723 0.276725
 803.00 0.487855 0.277097
 804.00 0.487979 0.277446
 805.00 0.488102 0.277776
 806.00 0.488237 0.278123
 807.00 0.488356 0.278469
 808.00 0.488463 0.278804
 809.00 0.488566 0.279122
 810.00 0.488645 0.279425
 811.00 0.488742 0.279744
 812.00 0.488873 0.280085
 813.00 0.489009 0.280415
 814.00 0.489123 0.280736
 815.00 0.489219 0.281053
 816.00 0.489316 0.281376
 817.00 0.489419 0.281702
 818.00 0.489526 0.282021
 819.00 0.489632 0.282328
 820.00 0.489736 0.282662
 821.00 0.489830 0.282986
 822.00 0.489922 0.283294
 823.00 0.490040 0.283614
 824.00 0.490141 0.283903
 825.00 0.490220 0.284179
 826.00 0.490293 0.284478
 827.00 0.490407 0.284777
 828.00 0.490501 0.285063
 829.00 0.490549 0.285333
 830.00 0.490645 0.285602
 831.00 0.490716 0.285875
 832.00 0.490769 0.286147
 833.00 0.490864 0.286406
 834.00 0.490922 0.286666
 835.00 0.490980 0.286934
 836.00 0.491085 0.287215
 837.00 0.491165 0.287507
 838.00 0.491271 0.287805
 839.00 0.491405 0.288108
 840.00 0.491479 0.288417
 841.00 0.491567 0.288719
 842.00 0.491665 0.289020
 843.00 0.491737 0.289331
 844.00 0.491849 0.289645
 845.00 0.491983 0.289960
 846.00 0.492106 0.290273
 847.00 0.492177 0.290571
 848.00 0.492251 0.290870
 849.00 0.492347 0.291175
 850.00 0.492456 0.291483
 851.00 0.492541 0.291783
 852.00 0.492618 0.292078
 853.00 0.492710 0.292374
 854.00 0.492796 0.292666
 855.00 0.492887 0.292958
 856.00 0.492983 0.293252
 857.00 0.493059 0.293543
 858.00 0.493148 0.293821
 859.00 0.493243 0.294093
 860.00 0.493321 0.294368
 861.00 0.493381 0.294636
 862.00 0.493453 0.294909
 863.00 0.493551 0.295189
 864.00 0.493627 0.295443
 865.00 0.493694 0.295700
 866.00 0.493754 0.295959
 867.00 0.493804 0.296199
 868.00 0.493871 0.296471
 869.00 0.493945 0.296738
 870.00 0.494013 0.296967
 871.00 0.494086 0.297237
 872.00 0.494167 0.297489
 873.00 0.494241 0.297709
 874.00 0.494260 0.297947
 875.00 0.494316 0.298188
 876.00 0.494384 0.298431
 877.00 0.494417 0.298677
 878.00 0.494476 0.298894
 879.00 0.494531 0.299116
 880.00 0.494573 0.299350
 881.00 0.494641 0.299538
 882.00 0.494661 0.299741
 883.00 0.494662 0.299952
 884.00 0.494718 0.300136
 885.00 0.494771 0.300346
 886.00 0.494808 0.300541
 887.00 0.494825 0.300701
 888.00 0.494844 0.300887
 889.00 0.494864 0.301060
 890.00 0.494880 0.301221
 891.00 0.494887 0.301396
 892.00 0.494932 0.301578
 893.00 0.494974 0.301746
 894.00 0.494981 0.301891
 895.00 0.494989 0.302042
 896.00 0.495011 0.302193
 897.00 0.495036 0.302346
 898.00 0.495035 0.302506
 899.00 0.495043 0.302638
 900.00 0.495066 0.302772
 901.00 0.495089 0.302927
 902.00 0.495044 0.303053
 903.00 0.495037 0.303195
 904.00 0.495075 0.303347
 905.00 0.495071 0.303459
 906.00 0.495056 0.303593
 907.00 0.495032 0.303722
 908.00 0.495010 0.303825
 909.00 0.495029 0.303981
 910.00 0.495049 0.304124
 911.00 0.495059 0.304254
 912.00 0.495070 0.304432
 913.00 0.495093 0.304577
 914.00 0.495125 0.304726
 915.00 0.495156 0.304913
 916.00 0.495157 0.305043
 917.00 0.495157 0.305187
 918.00 0.495164 0.305346
 919.00 0.495164 0.305456
 920.00 0.495140 0.305578
 921.00 0.495126 0.305703
 922.00 0.495142 0.305814
 923.00 0.495095 0.305931
 924.00 0.495066 0.306010
 925.00 0.495052 0.306060
 926.00 0.494973 0.306134
 927.00 0.494946 0.306169
 928.00 0.494913 0.306178
 929.00 0.494821 0.306180
 930.00 0.494743 0.306168
 931.00 0.494655 0.306125
 932.00 0.494552 0.306065
 933.00 0.494437 0.306028
 934.00 0.494376 0.305952
 935.00 0.494277 0.305862
 936.00 0.494098 0.305780
 937.00 0.494005 0.305672
 938.00 0.493895 0.305577
 939.00 0.493762 0.305471
 940.00 0.493646 0.305304
 941.00 0.493456 0.305160
 942.00 0.493274 0.304988
 943.00 0.493131 0.304760
 944.00 0.492909 0.304539
 945.00 0.492709 0.304270
 946.00 0.492496 0.303951
 947.00 0.492199 0.303598
 948.00 0.491941 0.303175
 949.00 0.491624 0.302718
 950.00 0.491234 0.302229
 951.00 0.490913 0.301648
 952.00 0.490502 0.301007
 953.00 0.490027 0.300312
 954.00 0.489556 0.299575
 955.00 0.489059 0.298851
 956.00 0.488578 0.298107
 957.00 0.488125 0.297358
 958.00 0.487676 0.296672
 959.00 0.487248 0.296022
 960.00 0.486867 0.295435
 961.00 0.486540 0.294926
 962.00 0.486218 0.294442
 963.00 0.485926 0.294040
 964.00 0.485687 0.293703
 965.00 0.485514 0.293390
 966.00 0.485317 0.293213
 967.00 0.485158 0.293045
 968.00 0.485057 0.292849
 969.00 0.484924 0.292787
 970.00 0.484832 0.292685
 971.00 0.484777 0.292604
 972.00 0.484733 0.292643
 973.00 0.484708 0.292672
 974.00 0.484675 0.292687
 975.00 0.484640 0.292724
 976.00 0.484636 0.292839
 977.00 0.484654 0.292909
 978.00 0.484687 0.293021
 979.00 0.484731 0.293220
 980.00 0.484789 0.293336
 981.00 0.484841 0.293533
 982.00 0.484900 0.293792
 983.00 0.484998 0.294033
 984.00 0.485174 0.294333
 985.00 0.485331 0.294634
 986.00 0.485449 0.294937
 987.00 0.485604 0.295328
 988.00 0.485769 0.295675
 989.00 0.485904 0.296026
 990.00 0.486017 0.296432
 991.00 0.486264 0.296832
 992.00 0.486455 0.297260
 993.00 0.486623 0.297712
 994.00 0.486873 0.298172
 995.00 0.487026 0.298636
 996.00 0.487237 0.299093
 997.00 0.487511 0.299572
 998.00 0.487663 0.300138
 999.00 0.487927 0.300584
1000.00 0.488178 0.301082
1001.00 0.486412 0.298923
1002.00 0.486644 0.299437
1003.00 0.486882 0.299970
1004.00 0.487124 0.300505
1005.00 0.487362 0.301033
1006.00 0.487600 0.301567
1007.00 0.487834 0.302097
1008.00 0.488065 0.302612
1009.00 0.488300 0.303147
1010.00 0.488532 0.303692
1011.00 0.488760 0.304237
1012.00 0.489011 0.304788
1013.00 0.489258 0.305337
1014.00 0.489503 0.305887
1015.00 0.489764 0.306438
1016.00 0.489997 0.306980
1017.00 0.490218 0.307524
1018.00 0.490457 0.308075
1019.00 0.490679 0.308620
1020.00 0.490904 0.309169
1021.00 0.491149 0.309716
1022.00 0.491379 0.310255
1023.00 0.491600 0.310787
1024.00 0.491827 0.311318
1025.00 0.492057 0.311844
1026.00 0.492271 0.312370
1027.00 0.492486 0.312896
1028.00 0.492692 0.313404
1029.00 0.492891 0.313915
1030.00 0.493092 0.314419
1031.00 0.493291 0.314909
1032.00 0.493489 0.315391
1033.00 0.493681 0.315857
1034.00 0.493875 0.316318
1035.00 0.494063 0.316780
1036.00 0.494242 0.317234
1037.00 0.494423 0.317689
1038.00 0.494593 0.318129
1039.00 0.494751 0.318558
1040.00 0.494905 0.318975
1041.00 0.495065 0.319397
1042.00 0.495219 0.319801
1043.00 0.495377 0.320200
1044.00 0.495533 0.320607
1045.00 0.495675 0.320994
1046.00 0.495812 0.321373
1047.00 0.495951 0.321751
1048.00 0.496093 0.322113
1049.00 0.496237 0.322467
1050.00 0.496372 0.322819
1051.00 0.496497 0.323162
1052.00 0.496620 0.323503
1053.00 0.496742 0.323839
1054.00 0.496865 0.324171
1055.00 0.496984 0.324497
1056.00 0.497101 0.324820
1057.00 0.497208 0.325133
1058.00 0.497319 0.325445
1059.00 0.497422 0.325744
1060.00 0.497523 0.326033
1061.00 0.497633 0.326320
1062.00 0.497735 0.326596
1063.00 0.497835 0.326873
1064.00 0.497933 0.327139
1065.00 0.498022 0.327396
1066.00 0.498104 0.327650
1067.00 0.498182 0.327888
1068.00 0.498258 0.328121
1069.00 0.498333 0.328352
1070.00 0.498401 0.328572
1071.00 0.498463 0.328783
1072.00 0.498524 0.328991
1073.00 0.498581 0.329194
1074.00 0.498634 0.329389
1075.00 0.498684 0.329583
1076.00 0.498729 0.329764
1077.00 0.498763 0.329935
1078.00 0.498787 0.330103
1079.00 0.498809 0.330260
1080.00 0.498830 0.330410
1081.00 0.498846 0.330547
1082.00 0.498859 0.330674
1083.00 0.498863 0.330795
1084.00 0.498858 0.330902
1085.00 0.498853 0.331006
1086.00 0.498843 0.331110
1087.00 0.498830 0.331201
1088.00 0.498814 0.331285
1089.00 0.498794 0.331358
1090.00 0.498769 0.331422
1091.00 0.498742 0.331472
1092.00 0.498715 0.331516
1093.00 0.498681 0.331551
1094.00 0.498643 0.331576
1095.00 0.498597 0.331597
1096.00 0.498545 0.331608
1097.00 0.498490 0.331612
1098.00 0.498425 0.331604
1099.00 0.498351 0.331590
1100.00 0.498274 0.331561
1101.00 0.498190 0.331520
1102.00 0.498103 0.331468
1103.00 0.498014 0.331405
1104.00 0.497918 0.331332
1105.00 0.497817 0.331247
1106.00 0.497709 0.331154
1107.00 0.497597 0.331062
1108.00 0.497476 0.330945
1109.00 0.497348 0.330812
1110.00 0.497214 0.330671
1111.00 0.497074 0.330513
1112.00 0.496926 0.330334
1113.00 0.496767 0.330139
1114.00 0.496591 0.329914
1115.00 0.496400 0.329660
1116.00 0.496198 0.329382
1117.00 0.495975 0.329065
1118.00 0.495736 0.328729
1119.00 0.495480 0.328346
1120.00 0.495214 0.327938
1121.00 0.494914 0.327470
1122.00 0.494606 0.326977
1123.00 0.494255 0.326410
1124.00 0.493885 0.325807
1125.00 0.493467 0.325118
1126.00 0.493025 0.324382
1127.00 0.492531 0.323553
1128.00 0.492003 0.322665
1129.00 0.491421 0.321680
1130.00 0.490792 0.320601
1131.00 0.490127 0.319451
1132.00 0.489399 0.318189
1133.00 0.488632 0.316848
1134.00 0.487793 0.315392
1135.00 0.486901 0.313848
1136.00 0.485958 0.312209
1137.00 0.484960 0.310480
1138.00 0.483914 0.308664
1139.00 0.482818 0.306746
1140.00 0.481692 0.304793
1141.00 0.480512 0.302750
1142.00 0.479319 0.300694
1143.00 0.478073 0.298565
1144.00 0.476851 0.296472
1145.00 0.475601 0.294330
1146.00 0.474381 0.292248
1147.00 0.473178 0.290199
1148.00 0.471980 0.288155
1149.00 0.470833 0.286216
1150.00 0.469693 0.284301
1151.00 0.468628 0.282509
1152.00 0.467594 0.280774
1153.00 0.466641 0.279179
1154.00 0.465729 0.277659
1155.00 0.464902 0.276280
1156.00 0.464136 0.275013
1157.00 0.463445 0.273862
1158.00 0.462828 0.272828
1159.00 0.462263 0.271880
1160.00 0.461765 0.271041
1161.00 0.461311 0.270278
1162.00 0.460914 0.269610
1163.00 0.460552 0.269001
1164.00 0.460235 0.268470
1165.00 0.459960 0.268006
1166.00 0.459715 0.267597
1167.00 0.459490 0.267225
1168.00 0.459286 0.266884
1169.00 0.459114 0.266597
1170.00 0.458941 0.266308
1171.00 0.458787 0.266049
1172.00 0.458628 0.265787
1173.00 0.458477 0.265542
1174.00 0.458320 0.265290
1175.00 0.458165 0.265048
1176.00 0.458001 0.264791
1177.00 0.457835 0.264531
1178.00 0.457659 0.264261
1179.00 0.457471 0.263978
1180.00 0.457282 0.263694
1181.00 0.457079 0.263392
1182.00 0.456885 0.263108
1183.00 0.456690 0.262825
1184.00 0.456496 0.262546
1185.00 0.456313 0.262287
1186.00 0.456138 0.262046
1187.00 0.455978 0.261826
1188.00 0.455835 0.261638
1189.00 0.455715 0.261487
1190.00 0.455612 0.261362
1191.00 0.455538 0.261288
1192.00 0.455487 0.261252
1193.00 0.455462 0.261259
1194.00 0.455463 0.261313
1195.00 0.455487 0.261401
1196.00 0.455537 0.261529
1197.00 0.455609 0.261695
1198.00 0.455706 0.261902
1199.00 0.455821 0.262141
1200.00 0.455956 0.262419
1201.00 0.456111 0.262731
1202.00 0.456287 0.263075
1203.00 0.456485 0.263453
1204.00 0.456697 0.263855
1205.00 0.456929 0.264286
1206.00 0.457176 0.264747
1207.00 0.457435 0.265225
1208.00 0.457713 0.265731
1209.00 0.458007 0.266270
1210.00 0.458314 0.266831
1211.00 0.458637 0.267419
1212.00 0.458970 0.268030
1213.00 0.459316 0.268667
1214.00 0.459673 0.269324
1215.00 0.460046 0.270009
1216.00 0.460420 0.270702
1217.00 0.460807 0.271422
1218.00 0.461197 0.272147
1219.00 0.461594 0.272885
1220.00 0.461997 0.273634
1221.00 0.462400 0.274387
1222.00 0.462796 0.275131
1223.00 0.463190 0.275877
1224.00 0.463574 0.276609
1225.00 0.463947 0.277328
1226.00 0.464316 0.278042
1227.00 0.464670 0.278734
1228.00 0.465014 0.279410
1229.00 0.465353 0.280070
1230.00 0.465678 0.280706
1231.00 0.465995 0.281329
1232.00 0.466299 0.281930
1233.00 0.466595 0.282514
1234.00 0.466879 0.283083
1235.00 0.467159 0.283637
1236.00 0.467430 0.284170
1237.00 0.467695 0.284695
1238.00 0.467954 0.285208
1239.00 0.468201 0.285708
1240.00 0.468441 0.286198
1241.00 0.468669 0.286672
1242.00 0.468887 0.287131
1243.00 0.469102 0.287586
1244.00 0.469309 0.288028
1245.00 0.469512 0.288461
1246.00 0.469708 0.288884
1247.00 0.469895 0.289291
1248.00 0.470075 0.289689
1249.00 0.470248 0.290071
1250.00 0.470414 0.290438
1251.00 0.470576 0.290799
1252.00 0.470731 0.291143
1253.00 0.470878 0.291476
1254.00 0.471017 0.291800
1255.00 0.471145 0.292102
1256.00 0.471264 0.292389
1257.00 0.471371 0.292658
1258.00 0.471470 0.292912
1259.00 0.471563 0.293149
1260.00 0.471644 0.293371
1261.00 0.471714 0.293577
1262.00 0.471774 0.293769
1263.00 0.471827 0.293945
1264.00 0.471871 0.294102
1265.00 0.471907 0.294246
1266.00 0.471936 0.294370
1267.00 0.471956 0.294478
1268.00 0.471966 0.294574
1269.00 0.471967 0.294655
1270.00 0.471959 0.294721
1271.00 0.471939 0.294772
1272.00 0.471910 0.294807
1273.00 0.471873 0.294823
1274.00 0.471826 0.294824
1275.00 0.471774 0.294813
1276.00 0.471712 0.294782
1277.00 0.471640 0.294736
1278.00 0.471563 0.294673
1279.00 0.471475 0.294592
1280.00 0.471382 0.294498
1281.00 0.471274 0.294385
1282.00 0.471155 0.294256
1283.00 0.471025 0.294103
1284.00 0.470882 0.293929
1285.00 0.470726 0.293733
1286.00 0.470561 0.293514
1287.00 0.470385 0.293272
1288.00 0.470198 0.293011
1289.00 0.469995 0.292727
1290.00 0.469772 0.292414
1291.00 0.469542 0.292086
1292.00 0.469293 0.291726
1293.00 0.469024 0.291333
1294.00 0.468750 0.290915
1295.00 0.468453 0.290455
1296.00 0.468139 0.289966
1297.00 0.467813 0.289452
1298.00 0.467457 0.288895
1299.00 0.467084 0.288314
1300.00 0.466692 0.287698
1301.00 0.466273 0.287034
1302.00 0.465836 0.286336
1303.00 0.465368 0.285586
1304.00 0.464874 0.284793
1305.00 0.464355 0.283966
1306.00 0.463802 0.283085
1307.00 0.463226 0.282163
1308.00 0.462629 0.281206
1309.00 0.461998 0.280198
1310.00 0.461330 0.279130
1311.00 0.460638 0.278022
1312.00 0.459899 0.276849
1313.00 0.459129 0.275630
1314.00 0.458336 0.274371
1315.00 0.457498 0.273047
1316.00 0.456638 0.271691
1317.00 0.455744 0.270280
1318.00 0.454798 0.268800
1319.00 0.453825 0.267284
1320.00 0.452804 0.265701
1321.00 0.451755 0.264077
1322.00 0.450685 0.262423
1323.00 0.449566 0.260699
1324.00 0.448430 0.258960
1325.00 0.447260 0.257181
1326.00 0.446045 0.255336
1327.00 0.444809 0.253472
1328.00 0.443530 0.251546
1329.00 0.442227 0.249587
1330.00 0.440913 0.247630
1331.00 0.439560 0.245628
1332.00 0.438197 0.243626
1333.00 0.436835 0.241636
1334.00 0.435434 0.239607
1335.00 0.434012 0.237563
1336.00 0.432576 0.235512
1337.00 0.431116 0.233441
1338.00 0.429654 0.231378
1339.00 0.428201 0.229344
1340.00 0.426728 0.227297
1341.00 0.425281 0.225300
1342.00 0.423833 0.223317
1343.00 0.422365 0.221323
1344.00 0.420921 0.219376
1345.00 0.419465 0.217426
1346.00 0.418021 0.215504
1347.00 0.416606 0.213632
1348.00 0.415183 0.211762
1349.00 0.413803 0.209959
1350.00 0.412431 0.208181
1351.00 0.411058 0.206409
1352.00 0.409718 0.204686
1353.00 0.408353 0.202947
1354.00 0.407005 0.201233
1355.00 0.405665 0.199547
1356.00 0.404301 0.197843
1357.00 0.402952 0.196174
1358.00 0.401586 0.194502
1359.00 0.400188 0.192804
1360.00 0.398775 0.191105
1361.00 0.397310 0.189359
1362.00 0.395820 0.187595
1363.00 0.394276 0.185787
1364.00 0.392706 0.183959
1365.00 0.391053 0.182058
1366.00 0.389386 0.180154
1367.00 0.387585 0.178116
1368.00 0.385704 0.176002
1369.00 0.383733 0.173806
1370.00 0.381618 0.171466
1371.00 0.379394 0.169024
1372.00 0.377051 0.166470
1373.00 0.374530 0.163754
1374.00 0.371897 0.160944
1375.00 0.369079 0.157969
1376.00 0.366040 0.154805
1377.00 0.362827 0.151504
1378.00 0.359347 0.147979
1379.00 0.355670 0.144313
1380.00 0.351811 0.140525
1381.00 0.347687 0.136544
1382.00 0.343422 0.132503
1383.00 0.338955 0.128343
1384.00 0.334228 0.124029
1385.00 0.329361 0.119679
1386.00 0.324238 0.115198
1387.00 0.318961 0.110682
1388.00 0.313602 0.106203
1389.00 0.308047 0.101674
1390.00 0.302475 0.097241
1391.00 0.296832 0.092861
1392.00 0.291110 0.088534
1393.00 0.285266 0.084218
1394.00 0.279455 0.080049
1395.00 0.273497 0.075891
1396.00 0.267719 0.071963
1397.00 0.261909 0.068142
1398.00 0.256280 0.064518
1399.00 0.250778 0.061090
1400.00 0.245385 0.057797
1401.00 0.240084 0.054657
1402.00 0.234974 0.051700
1403.00 0.229976 0.048895
1404.00 0.225173 0.046272
1405.00 0.220619 0.043854
1406.00 0.216227 0.041579
1407.00 0.212131 0.039508
1408.00 0.208240 0.037584
1409.00 0.204525 0.035783
1410.00 0.201082 0.034147
1411.00 0.197809 0.032625
1412.00 0.194755 0.031234
1413.00 0.191952 0.029977
1414.00 0.189328 0.028817
1415.00 0.186953 0.027777
1416.00 0.184765 0.026829
1417.00 0.182727 0.025953
1418.00 0.180885 0.025167
1419.00 0.179175 0.024445
1420.00 0.177616 0.023787
1421.00 0.176216 0.023194
1422.00 0.174939 0.022650
1423.00 0.173808 0.022163
1424.00 0.172791 0.021722
1425.00 0.171867 0.021315
1426.00 0.171051 0.020949
1427.00 0.170308 0.020610
1428.00 0.169656 0.020305
1429.00 0.169077 0.020027
1430.00 0.168585 0.019781
1431.00 0.168150 0.019557
1432.00 0.167799 0.019364
1433.00 0.167486 0.019185
1434.00 0.167237 0.019029
1435.00 0.167028 0.018888
1436.00 0.166872 0.018765
1437.00 0.166750 0.018655
1438.00 0.166679 0.018563
1439.00 0.166632 0.018481
1440.00 0.166626 0.018416
1441.00 0.166640 0.018359
1442.00 0.166686 0.018316
1443.00 0.166748 0.018281
1444.00 0.166835 0.018256
1445.00 0.166940 0.018239
1446.00 0.167061 0.018229
1447.00 0.167200 0.018226
1448.00 0.167349 0.018228
1449.00 0.167510 0.018238
1450.00 0.167682 0.018254
1451.00 0.167862 0.018277
1452.00 0.168057 0.018305
1453.00 0.168264 0.018338
1454.00 0.168481 0.018379
1455.00 0.168717 0.018425
1456.00 0.168966 0.018479
1457.00 0.169237 0.018542
1458.00 0.169536 0.018612
1459.00 0.169861 0.018691
1460.00 0.170224 0.018783
1461.00 0.170621 0.018886
1462.00 0.171054 0.019003
1463.00 0.171536 0.019135
1464.00 0.172054 0.019281
1465.00 0.172621 0.019442
1466.00 0.173243 0.019623
1467.00 0.173909 0.019819
1468.00 0.174640 0.020038
1469.00 0.175416 0.020272
1470.00 0.176232 0.020522
1471.00 0.177106 0.020792
1472.00 0.178005 0.021075
1473.00 0.178942 0.021375
1474.00 0.179920 0.021692
1475.00 0.180938 0.022027
1476.00 0.181984 0.022376
1477.00 0.183080 0.022746
1478.00 0.184178 0.023121
1479.00 0.185308 0.023513
1480.00 0.186442 0.023911
1481.00 0.187581 0.024315
1482.00 0.188744 0.024735
1483.00 0.189923 0.025166
1484.00 0.191116 0.025608
1485.00 0.192339 0.026067
1486.00 0.193550 0.026526
1487.00 0.194775 0.026997
1488.00 0.195992 0.027471
1489.00 0.197194 0.027948
1490.00 0.198415 0.028436
1491.00 0.199638 0.028930
1492.00 0.200868 0.029434
1493.00 0.202122 0.029951
1494.00 0.203358 0.030471
1495.00 0.204590 0.030997
1496.00 0.205833 0.031533
1497.00 0.207050 0.032063
1498.00 0.208271 0.032602
1499.00 0.209507 0.033150
1500.00 0.210727 0.033696
1501.00 0.211964 0.034261
1502.00 0.213193 0.034830
1503.00 0.214407 0.035396
1504.00 0.215629 0.035973
1505.00 0.216822 0.036545
1506.00 0.218014 0.037120
1507.00 0.219212 0.037706
1508.00 0.220390 0.038291
1509.00 0.221583 0.038889
1510.00 0.222770 0.039486
1511.00 0.223936 0.040079
1512.00 0.225108 0.040681
1513.00 0.226249 0.041271
1514.00 0.227383 0.041867
1515.00 0.228523 0.042471
1516.00 0.229643 0.043068
1517.00 0.230775 0.043678
1518.00 0.231894 0.044285
1519.00 0.232992 0.044884
1520.00 0.234092 0.045492
1521.00 0.235158 0.046087
1522.00 0.236219 0.046684
1523.00 0.237283 0.047287
1524.00 0.238324 0.047882
1525.00 0.239375 0.048486
1526.00 0.240412 0.049086
1527.00 0.241427 0.049680
1528.00 0.242444 0.050278
1529.00 0.243432 0.050862
1530.00 0.244408 0.051447
1531.00 0.245386 0.052035
1532.00 0.246343 0.052615
1533.00 0.247306 0.053204
1534.00 0.248260 0.053789
1535.00 0.249193 0.054363
1536.00 0.250126 0.054942
1537.00 0.251031 0.055508
1538.00 0.251926 0.056071
1539.00 0.252824 0.056642
1540.00 0.253706 0.057205
1541.00 0.254594 0.057775
1542.00 0.255471 0.058344
1543.00 0.256332 0.058903
1544.00 0.257193 0.059466
1545.00 0.258030 0.060017
1546.00 0.258860 0.060565
1547.00 0.259687 0.061114
1548.00 0.260503 0.061660
1549.00 0.261317 0.062209
1550.00 0.262131 0.062763
1551.00 0.262927 0.063307
1552.00 0.263717 0.063853
1553.00 0.264494 0.064389
1554.00 0.265250 0.064913
1555.00 0.266007 0.065441
1556.00 0.266754 0.065964
1557.00 0.267497 0.066486
1558.00 0.268240 0.067011
1559.00 0.268966 0.067527
1560.00 0.269686 0.068043
1561.00 0.270393 0.068551
1562.00 0.271078 0.069048
1563.00 0.271768 0.069548
1564.00 0.272449 0.070040
1565.00 0.273126 0.070536
1566.00 0.273804 0.071034
1567.00 0.274469 0.071527
1568.00 0.275128 0.072022
1569.00 0.275781 0.072509
1570.00 0.276422 0.072986
1571.00 0.277065 0.073467
1572.00 0.277705 0.073944
1573.00 0.278340 0.074422
1574.00 0.278975 0.074905
1575.00 0.279600 0.075382
1576.00 0.280219 0.075860
1577.00 0.280834 0.076334
1578.00 0.281435 0.076801
1579.00 0.282045 0.077274
1580.00 0.282652 0.077745
1581.00 0.283261 0.078218
1582.00 0.283877 0.078696
1583.00 0.284483 0.079168
1584.00 0.285091 0.079638
1585.00 0.285690 0.080108
1586.00 0.286276 0.080574
1587.00 0.286868 0.081044
1588.00 0.287457 0.081514
1589.00 0.288045 0.081986
1590.00 0.288640 0.082461
1591.00 0.289225 0.082930
1592.00 0.289807 0.083402
1593.00 0.290383 0.083869
1594.00 0.290946 0.084327
1595.00 0.291512 0.084790
1596.00 0.292072 0.085251
1597.00 0.292632 0.085713
1598.00 0.293193 0.086181
1599.00 0.293750 0.086643
1600.00 0.294301 0.087098
1601.00 0.294851 0.087555
1602.00 0.295385 0.088000
1603.00 0.295915 0.088445
1604.00 0.296441 0.088893
1605.00 0.296952 0.089334
1606.00 0.297464 0.089777
1607.00 0.297967 0.090212
1608.00 0.298458 0.090640
1609.00 0.298946 0.091065
1610.00 0.299416 0.091475
1611.00 0.299879 0.091882
1612.00 0.300335 0.092286
1613.00 0.300775 0.092678
1614.00 0.301214 0.093069
1615.00 0.301640 0.093451
1616.00 0.302052 0.093823
1617.00 0.302458 0.094190
1618.00 0.302842 0.094541
1619.00 0.303218 0.094889
1620.00 0.303584 0.095231
1621.00 0.303933 0.095560
1622.00 0.304278 0.095885
1623.00 0.304612 0.096199
1624.00 0.304934 0.096502
1625.00 0.305250 0.096802
1626.00 0.305550 0.097088
1627.00 0.305841 0.097369
1628.00 0.306124 0.097645
1629.00 0.306398 0.097910
1630.00 0.306665 0.098173
1631.00 0.306924 0.098427
1632.00 0.307176 0.098678
1633.00 0.307421 0.098923
1634.00 0.307651 0.099156
1635.00 0.307873 0.099385
1636.00 0.308087 0.099600
1637.00 0.308286 0.099803
1638.00 0.308474 0.099996
1639.00 0.308645 0.100173
1640.00 0.308792 0.100337
1641.00 0.308919 0.100483
1642.00 0.309019 0.100604
1643.00 0.309093 0.100703
1644.00 0.309142 0.100778
1645.00 0.309156 0.100830
1646.00 0.309139 0.100859
1647.00 0.309090 0.100863
1648.00 0.309004 0.100840
1649.00 0.308897 0.100796
1650.00 0.308759 0.100725
1651.00 0.308600 0.100640
1652.00 0.308414 0.100534
1653.00 0.308206 0.100409
1654.00 0.307982 0.100269
1655.00 0.307748 0.100117
1656.00 0.307504 0.099952
1657.00 0.307259 0.099788
1658.00 0.307014 0.099625
1659.00 0.306770 0.099463
1660.00 0.306529 0.099306
1661.00 0.306291 0.099155
1662.00 0.306060 0.099011
1663.00 0.305839 0.098875
1664.00 0.305629 0.098749
1665.00 0.305431 0.098631
1666.00 0.305242 0.098516
1667.00 0.305059 0.098406
1668.00 0.304877 0.098300
1669.00 0.304691 0.098189
1670.00 0.304500 0.098073
1671.00 0.304297 0.097950
1672.00 0.304077 0.097811
1673.00 0.303841 0.097655
1674.00 0.303574 0.097479
1675.00 0.303276 0.097277
1676.00 0.302941 0.097051
1677.00 0.302561 0.096791
1678.00 0.302146 0.096501
1679.00 0.301687 0.096178
1680.00 0.301184 0.095814
1681.00 0.300649 0.095425
1682.00 0.300069 0.095004
1683.00 0.299455 0.094553
1684.00 0.298807 0.094079
1685.00 0.298120 0.093573
1686.00 0.297416 0.093053
1687.00 0.296694 0.092523
1688.00 0.295956 0.091985
1689.00 0.295235 0.091459
1690.00 0.294512 0.090937
1691.00 0.293795 0.090423
1692.00 0.293100 0.089925
1693.00 0.292404 0.089430
1694.00 0.291730 0.088955
1695.00 0.291071 0.088490
1696.00 0.290418 0.088032
1697.00 0.289791 0.087593
1698.00 0.289166 0.087157
1699.00 0.288547 0.086728
1700.00 0.287943 0.086310
1701.00 0.287334 0.085891
1702.00 0.286739 0.085482
1703.00 0.286156 0.085080
1704.00 0.285579 0.084683
1705.00 0.285022 0.084303
1706.00 0.284470 0.083931
1707.00 0.283924 0.083568
1708.00 0.283392 0.083221
1709.00 0.282863 0.082874
1710.00 0.282349 0.082535
1711.00 0.281844 0.082201
1712.00 0.281346 0.081871
1713.00 0.280866 0.081555
1714.00 0.280388 0.081243
1715.00 0.279918 0.080939
1716.00 0.279460 0.080641
1717.00 0.279004 0.080344
1718.00 0.278564 0.080058
1719.00 0.278135 0.079780
1720.00 0.277714 0.079510
1721.00 0.277315 0.079253
1722.00 0.276924 0.079001
1723.00 0.276552 0.078761
1724.00 0.276197 0.078531
1725.00 0.275860 0.078313
1726.00 0.275539 0.078107
1727.00 0.275239 0.077915
1728.00 0.274964 0.077737
1729.00 0.274701 0.077571
1730.00 0.274461 0.077423
1731.00 0.274223 0.077276
1732.00 0.274002 0.077144
1733.00 0.273769 0.077001
1734.00 0.273548 0.076866
1735.00 0.273299 0.076711
1736.00 0.273044 0.076553
1737.00 0.272756 0.076369
1738.00 0.272450 0.076169
1739.00 0.272103 0.075949
1740.00 0.271723 0.075707
1741.00 0.271313 0.075448
1742.00 0.270865 0.075169
1743.00 0.270392 0.074870
1744.00 0.269908 0.074561
1745.00 0.269403 0.074242
1746.00 0.268886 0.073919
1747.00 0.268372 0.073596
1748.00 0.267851 0.073271
1749.00 0.267338 0.072955
1750.00 0.266835 0.072643
1751.00 0.266338 0.072335
1752.00 0.265859 0.072041
1753.00 0.265393 0.071752
1754.00 0.264940 0.071471
1755.00 0.264501 0.071204
1756.00 0.264073 0.070944
1757.00 0.263661 0.070694
1758.00 0.263261 0.070454
1759.00 0.262879 0.070223
1760.00 0.262521 0.070005
1761.00 0.262177 0.069795
1762.00 0.261850 0.069600
1763.00 0.261535 0.069414
1764.00 0.261236 0.069236
1765.00 0.260953 0.069067
1766.00 0.259674 0.068390
1767.00 0.259425 0.068244
1768.00 0.259182 0.068110
1769.00 0.258949 0.067979
1770.00 0.258722 0.067848
1771.00 0.258505 0.067712
1772.00 0.258290 0.067592
1773.00 0.258075 0.067481
1774.00 0.257873 0.067374
1775.00 0.257678 0.067272
1776.00 0.257487 0.067177
1777.00 0.257301 0.067089
1778.00 0.257123 0.067000
1779.00 0.256950 0.066918
1780.00 0.256788 0.066848
1781.00 0.256638 0.066787
1782.00 0.256498 0.066733
1783.00 0.256372 0.066686
1784.00 0.256256 0.066646
1785.00 0.256154 0.066616
1786.00 0.256067 0.066591
1787.00 0.255989 0.066577
1788.00 0.255920 0.066571
1789.00 0.255860 0.066579
1790.00 0.255810 0.066591
1791.00 0.255766 0.066610
1792.00 0.255740 0.066634
1793.00 0.255728 0.066665
1794.00 0.255720 0.066701
1795.00 0.255721 0.066742
1796.00 0.255734 0.066788
1797.00 0.255754 0.066844
1798.00 0.255784 0.066898
1799.00 0.255827 0.066956
1800.00 0.255877 0.067023
1801.00 0.255929 0.067091
1802.00 0.255988 0.067162
1803.00 0.256048 0.067237
1804.00 0.256115 0.067322
1805.00 0.256179 0.067398
1806.00 0.256248 0.067473
1807.00 0.256311 0.067547
1808.00 0.256373 0.067621
1809.00 0.256434 0.067693
1810.00 0.256484 0.067766
1811.00 0.256535 0.067839
1812.00 0.256581 0.067907
1813.00 0.256623 0.067969
1814.00 0.256662 0.068031
1815.00 0.256701 0.068094
1816.00 0.256734 0.068149
1817.00 0.256765 0.068200
1818.00 0.256791 0.068245
1819.00 0.256808 0.068288
1820.00 0.256819 0.068331
1821.00 0.256823 0.068370
1822.00 0.256820 0.068411
1823.00 0.256808 0.068438
1824.00 0.256798 0.068458
1825.00 0.256762 0.068469
1826.00 0.256712 0.068471
1827.00 0.256648 0.068467
1828.00 0.256567 0.068456
1829.00 0.256468 0.068428
1830.00 0.256352 0.068389
1831.00 0.256213 0.068337
1832.00 0.256047 0.068266
1833.00 0.255863 0.068185
1834.00 0.255644 0.068078
1835.00 0.255406 0.067951
1836.00 0.255124 0.067804
1837.00 0.254811 0.067642
1838.00 0.254457 0.067448
1839.00 0.254063 0.067231
1840.00 0.253620 0.066980
1841.00 0.253132 0.066694
1842.00 0.252592 0.066382
1843.00 0.251980 0.066029
1844.00 0.251322 0.065651
1845.00 0.250581 0.065221
1846.00 0.249775 0.064752
1847.00 0.248885 0.064236
1848.00 0.247930 0.063675
1849.00 0.246872 0.063059
1850.00 0.245731 0.062393
1851.00 0.244512 0.061679
1852.00 0.243166 0.060896
1853.00 0.241738 0.060067
1854.00 0.240186 0.059177
1855.00 0.238531 0.058229
1856.00 0.236733 0.057216
1857.00 0.234832 0.056151
1858.00 0.232778 0.055014
1859.00 0.230589 0.053815
1860.00 0.228295 0.052575
1861.00 0.225831 0.051256
1862.00 0.223260 0.049894
1863.00 0.220557 0.048480
1864.00 0.217660 0.046986
1865.00 0.214606 0.045450
1866.00 0.211393 0.043851
1867.00 0.208004 0.042214
1868.00 0.204432 0.040519
1869.00 0.200726 0.038799
1870.00 0.196804 0.037020
1871.00 0.192781 0.035240
1872.00 0.188613 0.033452
1873.00 0.184252 0.031627
1874.00 0.179826 0.029832
1875.00 0.175253 0.028035
1876.00 0.170644 0.026283
1877.00 0.165948 0.024544
1878.00 0.161236 0.022885
1879.00 0.156444 0.021260
1880.00 0.151701 0.019706
1881.00 0.146949 0.018207
1882.00 0.142120 0.016753
1883.00 0.137367 0.015378
1884.00 0.132600 0.014056
1885.00 0.127871 0.012807
1886.00 0.123287 0.011653
1887.00 0.118749 0.010562
1888.00 0.114374 0.009578
1889.00 0.110170 0.008675
1890.00 0.106103 0.007850
1891.00 0.102134 0.007093
1892.00 0.098403 0.006426
1893.00 0.094835 0.005828
1894.00 0.091451 0.005308
1895.00 0.088317 0.004864
1896.00 0.085359 0.004473
1897.00 0.082623 0.004140
1898.00 0.080092 0.003855
1899.00 0.077708 0.003599
1900.00 0.075505 0.003376
1901.00 0.073503 0.003193
1902.00 0.071654 0.003035
1903.00 0.069960 0.002900
1904.00 0.068448 0.002788
1905.00 0.067062 0.002691
1906.00 0.065831 0.002605
1907.00 0.064730 0.002532
1908.00 0.063730 0.002467
1909.00 0.062855 0.002408
1910.00 0.062077 0.002357
1911.00 0.061386 0.002310
1912.00 0.060773 0.002268
1913.00 0.060251 0.002230
1914.00 0.059794 0.002197
1915.00 0.059408 0.002167
1916.00 0.059081 0.002138
1917.00 0.058802 0.002110
1918.00 0.058575 0.002087
1919.00 0.058390 0.002068
1920.00 0.058244 0.002054
1921.00 0.058138 0.002041
1922.00 0.058069 0.002030
1923.00 0.058031 0.002021
1924.00 0.058021 0.002012
1925.00 0.058043 0.002005
1926.00 0.058092 0.001999
1927.00 0.058166 0.001994
1928.00 0.058267 0.001988
1929.00 0.058390 0.001982
1930.00 0.058532 0.001978
1931.00 0.058698 0.001975
1932.00 0.058879 0.001974
1933.00 0.059077 0.001975
1934.00 0.059295 0.001974
1935.00 0.059530 0.001974
1936.00 0.059778 0.001976
1937.00 0.060045 0.001979
1938.00 0.060322 0.001985
1939.00 0.060612 0.001990
1940.00 0.060914 0.001996
1941.00 0.061223 0.002002
1942.00 0.061548 0.002006
1943.00 0.061890 0.002013
1944.00 0.062238 0.002021
1945.00 0.062601 0.002028
1946.00 0.062973 0.002036
1947.00 0.063348 0.002044
1948.00 0.063738 0.002052
1949.00 0.064132 0.002062
1950.00 0.064533 0.002073
1951.00 0.064941 0.002086
1952.00 0.065363 0.002098
1953.00 0.065788 0.002110
1954.00 0.066228 0.002120
1955.00 0.066676 0.002132
1956.00 0.067127 0.002145
1957.00 0.067588 0.002159
1958.00 0.068051 0.002175
1959.00 0.068519 0.002190
1960.00 0.068998 0.002206
1961.00 0.069485 0.002222
1962.00 0.069981 0.002239
1963.00 0.070486 0.002258
1964.00 0.070998 0.002277
1965.00 0.071513 0.002295
1966.00 0.072039 0.002316
1967.00 0.072563 0.002335
1968.00 0.073091 0.002354
1969.00 0.073635 0.002374
1970.00 0.074182 0.002397
1971.00 0.074743 0.002422
1972.00 0.075311 0.002447
1973.00 0.075879 0.002473
1974.00 0.076454 0.002501
1975.00 0.077034 0.002528
1976.00 0.077610 0.002555
1977.00 0.078201 0.002583
1978.00 0.078804 0.002611
1979.00 0.079404 0.002641
1980.00 0.080016 0.002673
1981.00 0.080635 0.002706
1982.00 0.081250 0.002741
1983.00 0.081873 0.002777
1984.00 0.082491 0.002813
1985.00 0.083111 0.002852
1986.00 0.083742 0.002890
1987.00 0.084370 0.002931
1988.00 0.085005 0.002972
1989.00 0.085651 0.003014
1990.00 0.086290 0.003056
1991.00 0.086927 0.003101
1992.00 0.087574 0.003147
1993.00 0.088209 0.003195
1994.00 0.088844 0.003246
1995.00 0.089488 0.003299
1996.00 0.090122 0.003350
1997.00 0.090764 0.003405
1998.00 0.091405 0.003463
1999.00 0.092036 0.003523
2000.00 0.092674 0.003585
2001.00 0.093302 0.003647
2002.00 0.093922 0.003709
2003.00 0.094543 0.003773
2004.00 0.095162 0.003836
2005.00 0.095775 0.003903
2006.00 0.096389 0.003972
2007.00 0.096997 0.004042
2008.00 0.097593 0.004115
2009.00 0.098188 0.004189
2010.00 0.098767 0.004264
2011.00 0.099341 0.004340
2012.00 0.099916 0.004416
2013.00 0.100479 0.004493
2014.00 0.101037 0.004569
2015.00 0.101595 0.004648
2016.00 0.102135 0.004725
2017.00 0.102666 0.004802
2018.00 0.103184 0.004881
2019.00 0.103686 0.004960
2020.00 0.104181 0.005039
2021.00 0.104670 0.005119
2022.00 0.105141 0.005200
2023.00 0.105606 0.005280
2024.00 0.106062 0.005357
2025.00 0.106500 0.005435
2026.00 0.106929 0.005514
2027.00 0.107339 0.005591
2028.00 0.107735 0.005669
2029.00 0.108124 0.005744
2030.00 0.108501 0.005815
2031.00 0.108867 0.005887
2032.00 0.109227 0.005958
2033.00 0.109571 0.006026
2034.00 0.109901 0.006095
2035.00 0.110221 0.006160
2036.00 0.110530 0.006220
2037.00 0.110826 0.006280
2038.00 0.111114 0.006340
2039.00 0.111388 0.006398
2040.00 0.111652 0.006459
2041.00 0.111904 0.006521
2042.00 0.112146 0.006577
2043.00 0.112383 0.006631
2044.00 0.112606 0.006684
2045.00 0.112814 0.006734
2046.00 0.113023 0.006784
2047.00 0.113222 0.006835
2048.00 0.113421 0.006885
2049.00 0.113620 0.006935
2050.00 0.113815 0.006983
2051.00 0.114004 0.007031
2052.00 0.114196 0.007079
2053.00 0.114382 0.007131
2054.00 0.114567 0.007182
2055.00 0.114759 0.007232
2056.00 0.114946 0.007285
2057.00 0.115140 0.007334
2058.00 0.115338 0.007380
2059.00 0.115530 0.007431
2060.00 0.115725 0.007484
2061.00 0.115920 0.007537
2062.00 0.116113 0.007591
2063.00 0.116308 0.007644
2064.00 0.116506 0.007696
2065.00 0.116701 0.007748
2066.00 0.116898 0.007804
2067.00 0.117091 0.007855
2068.00 0.117281 0.007903
2069.00 0.117470 0.007955
2070.00 0.117656 0.008006
2071.00 0.117839 0.008058
2072.00 0.118022 0.008114
2073.00 0.118202 0.008170
2074.00 0.118382 0.008225
2075.00 0.118565 0.008277
2076.00 0.118747 0.008326
2077.00 0.118929 0.008374
2078.00 0.119107 0.008423
2079.00 0.119283 0.008469
2080.00 0.119456 0.008519
2081.00 0.119624 0.008573
2082.00 0.119793 0.008625
2083.00 0.119961 0.008678
2084.00 0.120127 0.008729
2085.00 0.120289 0.008780
2086.00 0.120454 0.008831
2087.00 0.120615 0.008877
2088.00 0.120772 0.008920
2089.00 0.120928 0.008962
2090.00 0.121078 0.009003
2091.00 0.121224 0.009048
2092.00 0.121369 0.009097
2093.00 0.121510 0.009145
2094.00 0.121653 0.009190
2095.00 0.121792 0.009232
2096.00 0.121928 0.009268
2097.00 0.122062 0.009310
2098.00 0.122193 0.009352
2099.00 0.122323 0.009393
2100.00 0.122450 0.009437
2101.00 0.122575 0.009479
2102.00 0.122698 0.009519
2103.00 0.122818 0.009558
2104.00 0.122936 0.009596
2105.00 0.123052 0.009631
2106.00 0.123164 0.009670
2107.00 0.123271 0.009706
2108.00 0.123379 0.009743
2109.00 0.123483 0.009780
2110.00 0.123586 0.009815
2111.00 0.123689 0.009847
2112.00 0.123786 0.009878
2113.00 0.123877 0.009908
2114.00 0.123966 0.009939
2115.00 0.124053 0.009969
2116.00 0.124136 0.009997
2117.00 0.124217 0.010026
2118.00 0.124296 0.010054
2119.00 0.124371 0.010078
2120.00 0.124444 0.010104
2121.00 0.124514 0.010133
2122.00 0.124584 0.010161
2123.00 0.124653 0.010189
2124.00 0.124723 0.010215
2125.00 0.124796 0.010241
2126.00 0.124866 0.010267
2127.00 0.124933 0.010292
2128.00 0.125003 0.010317
2129.00 0.125074 0.010340
2130.00 0.125147 0.010363
2131.00 0.125224 0.010386
2132.00 0.125302 0.010412
2133.00 0.125382 0.010440
2134.00 0.125461 0.010472
2135.00 0.125549 0.010502
2136.00 0.125641 0.010532
2137.00 0.125740 0.010564
2138.00 0.125846 0.010593
2139.00 0.125954 0.010632
2140.00 0.126065 0.010678
2141.00 0.126185 0.010723
2142.00 0.126307 0.010773
2143.00 0.126438 0.010822
2144.00 0.126577 0.010869
2145.00 0.126726 0.010920
2146.00 0.126880 0.010969
2147.00 0.127043 0.011021
2148.00 0.127209 0.011078
2149.00 0.127377 0.011136
2150.00 0.127554 0.011199
2151.00 0.127732 0.011265
2152.00 0.127911 0.011332
2153.00 0.128100 0.011395
2154.00 0.128285 0.011459
2155.00 0.128469 0.011522
2156.00 0.128655 0.011589
2157.00 0.128843 0.011658
2158.00 0.129032 0.011727
2159.00 0.129222 0.011800
2160.00 0.129412 0.011869
2161.00 0.129604 0.011934
2162.00 0.129794 0.012000
2163.00 0.129977 0.012064
2164.00 0.130168 0.012131
2165.00 0.130358 0.012196
2166.00 0.130553 0.012266
2167.00 0.130753 0.012341
2168.00 0.130957 0.012412
2169.00 0.131157 0.012489
2170.00 0.131361 0.012564
2171.00 0.131564 0.012632
2172.00 0.131767 0.012706
2173.00 0.131976 0.012780
2174.00 0.132188 0.012853
2175.00 0.132403 0.012930
2176.00 0.132620 0.013008
2177.00 0.132838 0.013085
2178.00 0.133059 0.013160
2179.00 0.133280 0.013237
2180.00 0.133499 0.013314
2181.00 0.133724 0.013394
2182.00 0.133949 0.013477
2183.00 0.134178 0.013559
2184.00 0.134411 0.013643
2185.00 0.134643 0.013724
2186.00 0.134879 0.013805
2187.00 0.135112 0.013884
2188.00 0.135344 0.013959
2189.00 0.135575 0.014039
2190.00 0.135805 0.014121
2191.00 0.136031 0.014199
2192.00 0.136261 0.014278
2193.00 0.136485 0.014362
2194.00 0.136707 0.014442
2195.00 0.136930 0.014520
2196.00 0.137144 0.014597
2197.00 0.137355 0.014670
2198.00 0.137564 0.014740
2199.00 0.137762 0.014813
2200.00 0.137959 0.014891
2201.00 0.138155 0.014961
2202.00 0.138342 0.015030
2203.00 0.138525 0.015096
2204.00 0.138705 0.015158
2205.00 0.138879 0.015212
2206.00 0.139050 0.015273
2207.00 0.139220 0.015331
2208.00 0.139385 0.015391
2209.00 0.139546 0.015455
2210.00 0.139702 0.015515
2211.00 0.139857 0.015572
2212.00 0.140003 0.015628
2213.00 0.140143 0.015683
2214.00 0.140273 0.015735
2215.00 0.140397 0.015789
2216.00 0.140509 0.015834
2217.00 0.140611 0.015874
2218.00 0.140702 0.015912
2219.00 0.140779 0.015943
2220.00 0.140842 0.015966
2221.00 0.140886 0.015988
2222.00 0.140906 0.016005
2223.00 0.140907 0.016016
2224.00 0.140881 0.016027
2225.00 0.140831 0.016027
2226.00 0.140762 0.016011
2227.00 0.140664 0.015987
2228.00 0.140537 0.015951
2229.00 0.140380 0.015910
2230.00 0.140185 0.015865
2231.00 0.139960 0.015806
2232.00 0.139701 0.015741
2233.00 0.139411 0.015660
2234.00 0.139089 0.015562
2235.00 0.138739 0.015462
2236.00 0.138356 0.015349
2237.00 0.137944 0.015232
2238.00 0.137503 0.015112
2239.00 0.137030 0.014983
2240.00 0.136521 0.014847
2241.00 0.135991 0.014703
2242.00 0.135424 0.014546
2243.00 0.134848 0.014388
2244.00 0.134247 0.014222
2245.00 0.133635 0.014054
2246.00 0.133011 0.013883
2247.00 0.132368 0.013709
2248.00 0.131706 0.013529
2249.00 0.131036 0.013347
2250.00 0.130343 0.013161
2251.00 0.129648 0.012976
2252.00 0.128960 0.012787
2253.00 0.128259 0.012598
2254.00 0.127570 0.012421
2255.00 0.126883 0.012241
2256.00 0.126187 0.012067
2257.00 0.125506 0.011898
2258.00 0.124824 0.011726
2259.00 0.124154 0.011559
2260.00 0.123504 0.011397
2261.00 0.122861 0.011235
2262.00 0.122243 0.011081
2263.00 0.121637 0.010937
2264.00 0.121042 0.010794
2265.00 0.120470 0.010656
2266.00 0.119908 0.010527
2267.00 0.119365 0.010397
2268.00 0.118844 0.010272
2269.00 0.118341 0.010152
2270.00 0.117857 0.010041
2271.00 0.117399 0.009936
2272.00 0.116953 0.009836
2273.00 0.116526 0.009747
2274.00 0.116112 0.009656
2275.00 0.115719 0.009565
2276.00 0.115332 0.009480
2277.00 0.114959 0.009401
2278.00 0.114591 0.009324
2279.00 0.114237 0.009255
2280.00 0.113878 0.009184
2281.00 0.113532 0.009115
2282.00 0.113172 0.009045
2283.00 0.112807 0.008977
2284.00 0.112439 0.008906
2285.00 0.112065 0.008836
2286.00 0.111683 0.008765
2287.00 0.111300 0.008692
2288.00 0.110907 0.008617
2289.00 0.110496 0.008542
2290.00 0.110086 0.008463
2291.00 0.109662 0.008377
2292.00 0.109230 0.008288
2293.00 0.108791 0.008197
2294.00 0.108336 0.008107
2295.00 0.107884 0.008013
2296.00 0.107426 0.007919
2297.00 0.106964 0.007828
2298.00 0.106518 0.007731
2299.00 0.106069 0.007642
2300.00 0.105634 0.007560
2301.00 0.105224 0.007470
2302.00 0.104826 0.007388
2303.00 0.104454 0.007316
2304.00 0.104108 0.007238
2305.00 0.103779 0.007174
2306.00 0.103481 0.007119
2307.00 0.103219 0.007055
2308.00 0.102986 0.007004
2309.00 0.102786 0.006954
2310.00 0.102621 0.006901
2311.00 0.102483 0.006859
2312.00 0.102372 0.006821
2313.00 0.102290 0.006789
2314.00 0.102234 0.006766
2315.00 0.102191 0.006753
2316.00 0.102160 0.006743
2317.00 0.102137 0.006734
2318.00 0.102111 0.006726
2319.00 0.102077 0.006713
2320.00 0.102050 0.006700
2321.00 0.101993 0.006678
2322.00 0.101931 0.006646
2323.00 0.101825 0.006623
2324.00 0.101687 0.006599
2325.00 0.101528 0.006568
2326.00 0.101327 0.006546
2327.00 0.101124 0.006509
2328.00 0.100906 0.006457
2329.00 0.100672 0.006412
2330.00 0.100419 0.006367
2331.00 0.100159 0.006319
2332.00 0.099880 0.006271
2333.00 0.099597 0.006224
2334.00 0.099300 0.006175
2335.00 0.099005 0.006124
2336.00 0.098702 0.006072
2337.00 0.098395 0.006020
2338.00 0.098086 0.005968
2339.00 0.097776 0.005914
2340.00 0.097456 0.005858
2341.00 0.097150 0.005806
2342.00 0.096842 0.005754
2343.00 0.096549 0.005705
2344.00 0.096263 0.005658
2345.00 0.095997 0.005615
2346.00 0.095742 0.005578
2347.00 0.095511 0.005536
2348.00 0.095302 0.005496
2349.00 0.095113 0.005469
2350.00 0.094946 0.005438
2351.00 0.094803 0.005411
2352.00 0.094681 0.005391
2353.00 0.094573 0.005370
2354.00 0.094477 0.005347
2355.00 0.094386 0.005327
2356.00 0.094301 0.005303
2357.00 0.094212 0.005282
2358.00 0.094112 0.005268
2359.00 0.094004 0.005253
2360.00 0.093884 0.005233
2361.00 0.093754 0.005211
2362.00 0.093611 0.005191
2363.00 0.093466 0.005163
2364.00 0.093309 0.005132
2365.00 0.093133 0.005108
2366.00 0.092950 0.005073
2367.00 0.092755 0.005038
2368.00 0.092553 0.005015
2369.00 0.092346 0.004994
2370.00 0.092141 0.004965
2371.00 0.091935 0.004926
2372.00 0.091706 0.004892
2373.00 0.091474 0.004854
2374.00 0.091235 0.004816
2375.00 0.090981 0.004788
2376.00 0.090729 0.004754
2377.00 0.090476 0.004718
2378.00 0.090222 0.004680
2379.00 0.089956 0.004642
2380.00 0.089680 0.004605
2381.00 0.089405 0.004557
2382.00 0.089116 0.004512
2383.00 0.088819 0.004477
2384.00 0.088534 0.004442
2385.00 0.088244 0.004412
2386.00 0.087941 0.004389
2387.00 0.087644 0.004364
2388.00 0.087342 0.004328
2389.00 0.087039 0.004289
2390.00 0.086743 0.004244
2391.00 0.086449 0.004187
2392.00 0.086149 0.004142
2393.00 0.085835 0.004106
2394.00 0.085516 0.004072
2395.00 0.085200 0.004039
2396.00 0.084880 0.003997
2397.00 0.084560 0.003955
2398.00 0.084235 0.003915
2399.00 0.083902 0.003881
2400.00 0.083582 0.003843
2401.00 0.083256 0.003803
2402.00 0.082932 0.003764
2403.00 0.082618 0.003718
2404.00 0.082277 0.003686
2405.00 0.081944 0.003650
2406.00 0.081609 0.003600
2407.00 0.081252 0.003570
2408.00 0.080910 0.003533
2409.00 0.080570 0.003500
2410.00 0.080220 0.003485
2411.00 0.079871 0.003454
2412.00 0.079517 0.003414
2413.00 0.079152 0.003384
2414.00 0.078783 0.003343
2415.00 0.078426 0.003299
2416.00 0.078065 0.003271
2417.00 0.077693 0.003246
2418.00 0.077327 0.003217
2419.00 0.076953 0.003187
2420.00 0.076568 0.003155
2421.00 0.076198 0.003115
2422.00 0.075841 0.003076
2423.00 0.075473 0.003060
2424.00 0.075105 0.003039
2425.00 0.074734 0.003012
2426.00 0.074355 0.002991
2427.00 0.073983 0.002959
2428.00 0.073609 0.002931
2429.00 0.073251 0.002907
2430.00 0.072886 0.002868
2431.00 0.072509 0.002832
2432.00 0.072149 0.002794
2433.00 0.071788 0.002745
2434.00 0.071419 0.002717
2435.00 0.071053 0.002704
2436.00 0.070685 0.002683
2437.00 0.070312 0.002667
2438.00 0.069938 0.002648
2439.00 0.069570 0.002611
2440.00 0.069204 0.002583
2441.00 0.068826 0.002562
2442.00 0.068448 0.002547
2443.00 0.068083 0.002539
2444.00 0.067719 0.002521
2445.00 0.067363 0.002503
2446.00 0.067012 0.002488
2447.00 0.066646 0.002473
2448.00 0.066287 0.002451
2449.00 0.065937 0.002433
2450.00 0.065593 0.002417
2451.00 0.065260 0.002385
2452.00 0.064923 0.002361
2453.00 0.064577 0.002347
2454.00 0.064220 0.002332
2455.00 0.063877 0.002315
2456.00 0.063536 0.002296
2457.00 0.063200 0.002273
2458.00 0.062874 0.002240
2459.00 0.062541 0.002230
2460.00 0.062223 0.002219
2461.00 0.061932 0.002203
2462.00 0.061640 0.002214
2463.00 0.061337 0.002222
2464.00 0.061043 0.002211
2465.00 0.060749 0.002205
2466.00 0.060473 0.002187
2467.00 0.060227 0.002145
2468.00 0.059963 0.002138
2469.00 0.059687 0.002146
2470.00 0.059431 0.002142
2471.00 0.059178 0.002160
2472.00 0.058937 0.002150
2473.00 0.058721 0.002112
2474.00 0.058496 0.002091
2475.00 0.058271 0.002063
2476.00 0.058048 0.002050
2477.00 0.057823 0.002044
2478.00 0.057606 0.002051
2479.00 0.057395 0.002057
2480.00 0.057193 0.002049
2481.00 0.057011 0.002030
2482.00 0.056829 0.002003
2483.00 0.056657 0.001972
2484.00 0.056489 0.001959
2485.00 0.056286 0.001976
2486.00 0.056092 0.001991
2487.00 0.055917 0.001993
2488.00 0.055740 0.001991
2489.00 0.055585 0.001970
2490.00 0.055451 0.001955
2491.00 0.055303 0.001957
2492.00 0.055150 0.001962
2493.00 0.055018 0.001977
2494.00 0.054867 0.001999
2495.00 0.054720 0.002020
2496.00 0.054602 0.002016
2497.00 0.054500 0.001990
2498.00 0.054391 0.001959
2499.00 0.054285 0.001947
2500.00 0.054189 0.001919
